0.000000000000000000e+00
1.859999999999999848e-02
2.249999999999999917e-02
1.909999999999999892e-02
0.000000000000000000e+00
1.064999999999999974e-02
1.502499999999999947e-01
1.115000000000000019e-02
8.250000000000000389e-03
1.204999999999999995e-02
2.000000000000000096e-04
2.000000000000000042e-03
9.249999999999999542e-03
5.000000000000000104e-04
5.204999999999999905e-02
2.895000000000000004e-02
0.000000000000000000e+00
2.099999999999999870e-03
1.000000000000000021e-03
6.815000000000000224e-02
4.080000000000000293e-02
7.500000000000000156e-04
1.399999999999999986e-03
1.060000000000000005e-02
2.000000000000000096e-04
8.250000000000000389e-03
7.500000000000000156e-04
2.000000000000000042e-03
1.399999999999999986e-03
2.895000000000000004e-02
5.000000000000000104e-04
1.000000000000000021e-03
1.060000000000000005e-02
1.204999999999999995e-02
6.815000000000000224e-02
9.249999999999999542e-03
0.000000000000000000e+00
2.099999999999999870e-03
5.204999999999999905e-02
4.080000000000000293e-02
5.924999999999999711e-02
9.050000000000000752e-03
3.099999999999999891e-03
0.000000000000000000e+00
6.349999999999999742e-03
4.649999999999999620e-03
7.849999999999999339e-03
2.650000000000000012e-03
1.004999999999999991e-02
1.559999999999999928e-02
2.784999999999999976e-02
5.619999999999999996e-02
0.000000000000000000e+00
2.964999999999999927e-02
1.100000000000000066e-03
2.200000000000000133e-03
2.670000000000000151e-02
1.787999999999999867e-01
2.315000000000000044e-02
6.100000000000000387e-03
2.169000000000000095e-01
1.165000000000000063e-02
7.849999999999999339e-03
1.000000000000000021e-03
2.000000000000000096e-04
5.000000000000000240e-05
2.500000000000000052e-04
1.499999999999999869e-04
6.999999999999999929e-04
1.149999999999999981e-03
4.499999999999999877e-04
5.000000000000000240e-05
1.000000000000000048e-04
5.000000000000000240e-05
1.000000000000000048e-04
1.399999999999999986e-03
1.049999999999999935e-03
5.999999999999999474e-04
2.000000000000000096e-04
1.549999999999999946e-03
1.000000000000000021e-03
1.000000000000000048e-04
7.500000000000000156e-04
6.999999999999999929e-04
5.000000000000000104e-04
0.000000000000000000e+00
1.000000000000000048e-04
1.000000000000000048e-04
2.172000000000000042e-01
2.000000000000000096e-04
5.000000000000000240e-05
3.499999999999999964e-04
4.000000000000000192e-04
5.000000000000000240e-05
6.999999999999999929e-04
0.000000000000000000e+00
1.499999999999999869e-04
1.399999999999999986e-03
1.000000000000000048e-04
4.799999999999999580e-03
0.000000000000000000e+00
1.499999999999999869e-04
1.000000000000000021e-03
5.000000000000000240e-05
0.000000000000000000e+00
1.499999999999999869e-04
