1.499999999999999869e-04
4.630000000000000088e-02
5.689999999999999919e-02
1.515000000000000027e-02
2.500000000000000052e-04
2.904999999999999943e-02
5.454499999999999904e-01
1.874999999999999931e-02
2.344999999999999862e-02
4.550000000000000225e-03
4.749999999999999882e-03
3.379999999999999671e-02
3.449999999999999942e-03
9.499999999999999764e-03
2.750000000000000222e-01
2.350000000000000006e-02
1.250000000000000026e-03
2.709999999999999909e-02
1.085000000000000027e-02
9.825000000000000400e-02
1.822999999999999898e-01
1.460000000000000013e-02
1.799999999999999864e-02
3.160000000000000309e-02
4.749999999999999882e-03
2.344999999999999862e-02
1.460000000000000013e-02
3.379999999999999671e-02
1.799999999999999864e-02
2.350000000000000006e-02
9.499999999999999764e-03
1.085000000000000027e-02
3.160000000000000309e-02
4.550000000000000225e-03
9.825000000000000400e-02
3.449999999999999942e-03
1.250000000000000026e-03
2.709999999999999909e-02
2.750000000000000222e-01
1.822999999999999898e-01
6.335000000000000353e-02
1.930000000000000118e-02
2.610000000000000167e-02
3.499999999999999964e-04
1.365000000000000067e-02
9.744999999999999496e-02
5.390000000000000346e-02
3.755000000000000004e-02
3.905000000000000138e-02
1.038000000000000034e-01
9.675000000000000266e-02
7.115000000000000491e-02
5.300000000000000024e-03
8.415000000000000258e-02
2.854999999999999899e-02
1.529500000000000026e-01
2.324499999999999900e-01
2.227000000000000091e-01
2.634999999999999842e-02
9.894999999999999629e-02
6.394999999999999574e-01
8.244999999999999551e-02
2.355000000000000149e-02
8.699999999999999400e-03
4.499999999999999877e-04
1.350000000000000071e-03
2.799999999999999972e-03
4.499999999999999877e-04
2.000000000000000042e-03
1.849999999999999908e-02
1.600000000000000077e-03
3.499999999999999964e-04
9.499999999999999981e-04
2.999999999999999737e-04
2.050000000000000173e-03
2.850000000000000103e-03
2.150000000000000001e-03
9.499999999999999981e-04
5.999999999999999474e-04
4.400000000000000265e-03
1.649999999999999991e-03
1.549999999999999946e-03
9.499999999999999981e-04
2.449999999999999921e-03
1.799999999999999951e-03
3.499999999999999964e-04
3.499999999999999964e-04
8.499999999999999526e-04
6.781500000000000306e-01
7.500000000000000156e-04
3.499999999999999964e-04
2.099999999999999870e-03
3.550000000000000204e-03
8.000000000000000383e-04
1.250000000000000026e-03
5.000000000000000240e-05
2.500000000000000052e-04
2.700000000000000143e-03
2.050000000000000173e-03
1.319999999999999993e-02
2.999999999999999737e-04
2.999999999999999737e-04
1.149999999999999981e-03
2.050000000000000173e-03
2.999999999999999737e-04
9.499999999999999981e-04
